% optimal noise shaping filter design

% Plant Dynamics
A = [1.1420, 0, 0.0523, 0.0019;
    -0.0083, 1, -0.0001, 0.0491;
    5.8075, 0, 101420, 0.0768;
    -0.3362, 0, -0.0083, 0.9631];

B = [-0.0109; 0.0054; -0.4451; 0.2137];

C = [0, 1,0,0];